After training on 5000 semi-random games:

Results after round 100:
Training set RMSE: 0.9709639386550896
Validation set RMSE: 0.9486745557072662
Training set accuracy: 0.59425
Validation set accuracy: 0.626
2.3897619959288066 [2.3133066609515556, -0.23622260238044307, -0.03895783635036793, -0.22886068359840153, 0.4738618308011106, 0.15916535900439807]
2.0531906719682453 [-1.9647014217834622, -0.2564683605462303, -0.0317876139225518, -0.21876269148114025, 0.4712728878791274, 0.137107754358721]
0.2174361232171246 [-0.129612025166676, -0.0945645115089622, 0.007204724562358161, -0.040965017759697984, 0.138158544885761, 0.026812674501702514]
0.5711763954837709 [-0.5590952045668708, -0.03450657550733498, -0.031788591882160586, -0.024159664177084973, 0.10163087709845427, 0.023265513278613082]
0.4550026012146263 [-0.4492433572154978, -0.013465022406791202, -0.013077995788410233, -0.04327328002963382, 0.022144478606379144, 0.049924719431323095]
0.4665719719277693 [-0.46313722679031377, -0.013730055189211556, -0.021913056301564628, 0.0030713165343711196, 0.016227132335650884, 0.047453818481521734]
0.5530457676180464 [-0.5521397850394787, -0.003644280848228336, 0.004620118384227895, 0.030914099928408764, 0.0027376262812204887, -0.0018645127964425155]
0.4488730204567318 [0.44707943486779994, -0.01383901732275286, -0.024319642527943802, 0.02708359512576589, -0.004936022924538944, -0.008131331492672528]
0.11689827084939179 [0.10378922020931723, 0.040087729296465355, -0.026954476504122693, -0.021409284652944786, -0.009644063699538082, 0.002840460908033299]
0.5343021711329318 [-0.5326309229982915, 0.028876602193978328, 0.019514110241242368, -0.020015686650602847, 0.012760566774618417, 0.0022341696604080987]
0.16941412729302394 [-0.16500594133887764, -0.0017614396826395907, -0.005793360184215958, 0.03641864083690327, -0.0059138949135785065, -0.008730899374746023]
Output weights
[
0.40152359765421664, 0.006410541463809909, 0.041506552340192814, 0.056245890759199654, 0.07451739205417898, 0.05525607322749377, ]

So scores count by far the most, not very interesting
